distance,model_mean,gravity_seed_mean,gravity_mean,sampers_mean,model_variance,gravity_seed_variance,gravity_variance,sampers_variance,model_sum,gravity_seed_sum,gravity_sum,sampers_sum
"(-0.001, 3.211]",7.224101625220235e-06,5.927265638233507e-07,2.2840289434211542e-06,7.370865429347212e-06,1.5241857956232252e-08,2.259007898559447e-16,4.295166980568998e-10,1.943457156399613e-08,0.6667556836013268,0.05470629093463998,0.21080673536199884,0.6803013956670303
"(3.211, 5.192]",1.0003730427202563e-06,5.532856018996931e-07,1.2465577391780586e-06,7.699187099029142e-07,6.330445745362798e-11,9.021649072086167e-17,7.789400534640763e-11,2.181540532333051e-11,0.09232842960482333,0.05106494134173028,0.11504979997969975,0.07105887741177956
"(5.192, 6.939]",5.360646120869449e-07,5.235325601658782e-07,7.620567510190743e-07,4.4833598227096996e-07,2.0465308203409096e-11,6.232139661470662e-17,3.332531077178545e-11,1.6811109713676193e-11,0.04947554730795249,0.048318914107949563,0.07033326577855445,0.0413787211477169
"(6.939, 8.647]",3.339223272620075e-07,4.971497189891412e-07,5.256311353156933e-07,2.93886407488125e-07,8.232742046105217e-12,5.433544100069225e-17,5.685390016434548e-12,4.2951250827936045e-12,0.03081902727231972,0.04588393616438379,0.048512600002826596,0.027123952092709007
"(8.647, 10.313]",2.456341968996732e-07,4.7258761456091e-07,4.2066408850175343e-07,2.5142780056727023e-07,7.530793106647872e-12,4.6386740614569843e-17,5.379223689679182e-12,1.1582596055379163e-11,0.02267105383705224,0.04361794647351375,0.038825612712357835,0.023205780281156774
"(10.313, 11.904]",2.1096000543035083e-07,4.500275033360697e-07,3.747574955126526e-07,2.1358610898764178e-07,5.4692629668754055e-12,3.850532146422142e-17,3.892186851315521e-12,1.173758614631261e-11,0.0194703427411888,0.04153483839289922,0.03458786829084476,0.01971271634290541
"(11.904, 13.467]",1.675050110695412e-07,4.29296874694934e-07,3.3365394336323026e-07,1.739964271776862e-07,3.061420259165834e-12,3.3694527304316683e-17,1.5186584475705546e-12,6.686930348638243e-12,0.015459707491652236,0.03962152575309424,0.030794257048765976,0.01605882624993737
"(13.467, 15.011]",1.4270979193000755e-07,4.0977192997904717e-07,2.9934844779582686e-07,1.7119865109765435e-07,2.796589244499413e-12,2.985787315033324e-17,1.817614540251459e-12,6.5413784134823485e-12,0.013171257536388117,0.03781949050548618,0.027628065640868046,0.01580060830440691
"(15.011, 16.559]",1.1391227804861561e-07,3.9122661033184625e-07,2.67619632873036e-07,1.2950109927430747e-07,1.862561774784689e-12,2.7521814726853132e-17,2.1643017189564058e-12,2.351541257401214e-12,0.01051341979021893,0.03610786877396742,0.024699686396383987,0.011952174456422934
"(16.559, 18.16]",9.609523201010388e-08,3.731328005783013e-07,2.513493298251633e-07,1.1101693456284513e-07,1.314199236599532e-12,2.6923590872220197e-17,1.6674842150772792e-12,4.567382612172995e-12,0.008869205533604547,0.034438664962174896,0.02319853774554327,0.010246418992412354
"(18.16, 19.809]",8.666710539955397e-08,3.5541290189734995e-07,2.232875620854596e-07,9.452914495084786e-08,1.3766454960486931e-12,2.565065480031009e-17,1.3647258968226763e-12,1.6091048029221236e-12,0.007998853825746433,0.032802478367714015,0.020608102255115408,0.008724472904093552
"(19.809, 21.501]",6.469144482486505e-08,3.3805824388621826e-07,2.0841969712057019e-07,8.380726233678593e-08,8.304074757092165e-13,2.4568664424218922e-17,1.2902654332632248e-12,2.1987455757773446e-12,0.005970632208666096,0.03120074756123463,0.019235887526045905,0.007734907470111321
"(21.501, 23.229]",6.424791875848497e-08,3.211417851573151e-07,1.9809410989327007e-07,7.321333613734111e-08,1.0292526430853406e-12,2.3167224509753478e-17,9.96736679899048e-13,1.8106132646274065e-12,0.005929697413895612,0.029639459919309236,0.018282897778489467,0.006757151645459761
"(23.229, 24.979]",5.423572654987841e-08,3.0481328875490504e-07,1.7277152159608069e-07,6.877738343306384e-08,1.0722646545107738e-12,2.129622750251594e-17,2.766160374409488e-12,3.3608753557607054e-12,0.005005740617647578,0.028133047298922718,0.015946120357231863,0.00634787738133806
"(24.979, 26.776]",4.0983920562406345e-08,2.890045037836166e-07,1.4373553339527453e-07,5.3661718914482886e-08,5.570859923210079e-13,2.017815862909888e-17,6.973242051411974e-13,2.268201768954608e-12,0.0037825699643867314,0.02667338167220511,0.013265927319183466,0.004952654685493284
"(26.776, 28.569]",3.753075333130434e-08,2.7387968711571777e-07,1.6091226358757194e-07,4.065177677643253e-08,4.939042931506164e-13,1.8094080680882106e-17,2.1306083497556632e-12,2.697985476260605e-13,0.003463863347959403,0.025277451842658057,0.014851236455551364,0.003751915085804064
"(28.569, 30.431]",3.3528458589446054e-08,2.593607723074679e-07,1.5087767352518223e-07,5.5981456442106964e-08,2.5407661386318186e-13,1.7471134359867318e-17,6.345637577489465e-13,3.844206297738422e-12,0.0030944755570543343,0.023937443119345442,0.013925104000333168,0.00516675254086782
"(30.431, 32.517]",3.736179102030241e-08,2.4447376282644794e-07,1.3579107982540205e-07,4.244577725049887e-08,5.029742850566329e-13,1.9539964340080958e-17,1.84715093387338e-12,5.80363983485233e-13,0.0034482691404277904,0.022563461466304186,0.012532701921405657,0.003917490565557543
"(32.517, 34.741]",3.2820217701912405e-08,2.291028876800724e-07,1.2628715987616958e-07,3.988252299505033e-08,2.969851140544306e-13,1.948321406888896e-17,6.188274223813744e-13,3.1209395146657436e-13,0.003029174813015707,0.021145280121319963,0.011655799707930948,0.003680997342351165
"(34.741, 37.035]",5.137510268902522e-08,2.140974591501804e-07,1.5150077858514533e-07,3.9685666529743426e-08,3.662649017258986e-12,1.8104839478726995e-17,7.372707004026533e-12,3.5767645787114316e-13,0.0047416137275808935,0.01975991089480675,0.013982612858737403,0.00366274890669614
"(37.035, 39.4]",4.6644157980971095e-08,1.99640919205186e-07,1.4929690278732107e-07,3.712964551168325e-08,9.582417507814853e-13,1.6792819381481073e-17,1.8051073303675775e-12,1.557450488460959e-13,0.004304975916695746,0.018425658997123437,0.01377920834585301,0.003426843502855294
"(39.4, 41.811]",2.6305319794113418e-08,1.8581212221112533e-07,1.2479790698144152e-07,3.751822467007241e-08,2.0817228968934104e-13,1.5018739216720976e-17,9.43102200293478e-13,3.3755866508504146e-13,0.002427823185077904,0.0171493440073536,0.011518098026945162,0.003462707027699663
"(41.811, 44.358]",2.2060141730189863e-08,1.7255793062483613e-07,9.581363951801695e-08,3.1446796631144695e-08,4.129293510854103e-13,1.4587994327175123e-17,5.501495791907369e-13,2.529972893268271e-13,0.0020360187208461433,0.015926061649088625,0.008843024045675857,0.0029023506482748684
"(44.358, 46.832]",2.0011040072433717e-08,1.5986908797605633e-07,9.603189335136468e-08,2.663468427978939e-08,1.4174521417643127e-13,1.1731957585254073e-17,3.4857230800821977e-13,9.920394938322542e-14,0.0018469389545253425,0.014755277343838094,0.008863359628757554,0.0024582748202874416
"(46.832, 49.227]",1.1235993681628535e-08,1.487043943172955e-07,8.709267339436348e-08,2.383738503457283e-08,4.439880007031216e-14,9.502766487738664e-18,1.8427573218168205e-13,1.1073561199735688e-13,0.0010370148008522241,0.013724523369120471,0.008038131198259383,0.002200047614380865
"(49.227, 51.555]",1.2218087114327268e-08,1.3847743054794085e-07,8.370757033087925e-08,1.8223485667790578e-08,6.826449404170112e-14,7.790603305989701e-18,3.368673296435561e-13,5.50362010700713e-14,0.001127656132129721,0.012780635974991654,0.00772570649611817,0.0016819183862230636
"(51.555, 53.764]",1.062350530424653e-08,1.2942447066032234e-07,7.724289716646804e-08,1.5023046575650857e-08,4.9496648960421284e-14,6.112970061301155e-18,1.6919985098165663e-13,2.1113471151598358e-14,0.0009804857985501291,0.01194510209512379,0.007129055951082002,0.0013865370606531203
"(53.764, 55.987]",8.891448939835985e-09,1.2106443889929044e-07,7.457433250316006e-08,1.3807523071044682e-08,5.807190647760746e-14,5.4563534062327296e-18,2.8286897953689987e-13,1.9754952059062265e-14,0.0008206451713511021,0.011173763452648911,0.006882912592711661,0.00127437914936514
"(55.987, 58.084]",7.392101106334563e-09,1.1344417782054857e-07,7.858769150503251e-08,1.1909704998830526e-08,3.039036200945915e-14,4.239392723959082e-18,2.7966722761528435e-13,1.367660150647988e-14,0.0006822465795080422,0.01047021694776971,0.00725317239976547,0.0010991943131620646
"(58.084, 60.03]",7.772266306088912e-09,1.0679242206954605e-07,8.773972721345914e-08,1.1493692889081694e-08,2.81614322613966e-14,3.235914014642382e-18,2.745055526278e-13,1.721481046705117e-14,0.00071733354645417,0.009856299802486684,0.008097850383438998,0.0010607988915049059
"(60.03, 61.847]",8.51147641672237e-09,1.0091654138467163e-07,1.0119173076278919e-07,9.423369089552412e-09,4.614056137563509e-14,2.533447174816807e-18,1.745028329579931e-12,1.7590697324888437e-14,0.0007855582044049744,0.009313991270556883,0.009339389599020866,0.0008697204267511504
"(61.847, 63.57]",7.98346919484133e-09,9.571324360269671e-08,1.1004960122952841e-07,9.198815872502157e-09,2.245609875672462e-14,2.0246810822939786e-18,4.845388613018587e-13,2.4066404882742124e-14,0.0007368263058686857,0.00883375810506729,0.010156917895878095,0.0008489955121367141
"(63.57, 65.258]",7.814337548074382e-09,9.094854967463993e-08,1.0842436386323875e-07,7.835571055592372e-09,2.953932058400649e-14,1.7792663163051844e-18,4.978028424505951e-13,5.203096697811021e-15,0.0007212320983370732,0.008394187340770567,0.010007135087121484,0.0007231918661469536
"(65.258, 66.947]",6.5895301290753825e-09,8.646420826150722e-08,8.911286981492361e-08,6.7578913014164865e-09,2.103547275305383e-14,1.5923591786827583e-18,2.5239184292976086e-13,6.716634704556194e-15,0.0006081740937328834,0.007980127637287547,0.00822458320669856,0.0006237128197729332
"(66.947, 68.708]",4.8471062968679496e-09,8.211567121252114e-08,6.884260393263611e-08,5.810265628647267e-09,1.9151301023162113e-14,1.5762226124305102e-18,2.5102893030278387e-13,7.798050675464267e-15,0.00044735882856313056,0.0075787837588884265,0.006353759287358718,0.0005362526559303709
"(68.708, 70.5]",3.3475657867257957e-09,7.784102130813529e-08,5.552527025449916e-08,4.282315639744179e-09,1.1650116036990383e-14,1.4626872625839648e-18,1.4780944196708828e-13,2.9110615267439906e-15,0.00030896023672007057,0.007184259220613038,0.005124649292868745,0.00039523203965454926
"(70.5, 72.284]",2.872359287032859e-09,7.37517826523094e-08,4.621111790084131e-08,3.6694737034329047e-09,1.5183375055086393e-14,1.2982885420368508e-18,1.0945826176883019e-13,3.943187423682089e-15,0.0002651015280374107,0.006806847028112245,0.004265008915540248,0.0003386704059846365
"(72.284, 73.955]",2.449900420477374e-09,7.003212424192442e-08,4.209176302415723e-08,2.882272044186371e-09,7.239711108686325e-15,1.027535383749691e-18,5.239602755446078e-14,8.044125270248611e-16,0.0002261160092083797,0.006463684939032656,0.003884901360077616,0.00026602218059022526
"(73.955, 75.584]",1.7952245543955372e-09,6.667130769798377e-08,4.2958967118596756e-08,2.6297322419387817e-09,3.969654829441214e-15,8.821099654695955e-19,7.359501632379448e-14,4.088341875105819e-16,0.0001656884550233817,0.006153361672677713,0.003964854911243769,0.00024270850753749793
"(75.584, 77.263]",1.246097043639255e-09,6.343750097994534e-08,3.5470974479871474e-08,2.358746406581304e-09,1.89225420974634e-15,8.522691129703912e-19,4.893146517888624e-14,7.98914608131983e-16,0.00011500728054564141,0.005854900715443074,0.0032737581186452576,0.00021769814084901488
"(77.263, 78.964]",1.520660799017396e-09,6.02978574627347e-08,3.3625005913720635e-08,2.2469679862147922e-09,2.7148888911409828e-15,7.90474699017966e-19,8.78309038004823e-14,2.322096374601957e-15,0.00014034786778451154,0.005565130456665636,0.0031033862958009324,0.00020738166331970805
"(78.964, 80.601]",1.2671898726607107e-09,5.734377514347419e-08,2.753340236465868e-08,1.8404286072419255e-09,3.724172867620166e-15,6.620129946365109e-19,4.5881950419242335e-14,5.594974731126829e-16,0.00011695655648709295,0.005292601070642094,0.0025412229046485376,0.00016986419873400076
"(80.601, 82.152]",1.3305781991402217e-09,5.46647733093955e-08,2.6669892814780694e-08,1.90258748527008e-09,2.7360157264611355e-15,5.393713617690003e-19,1.767457649539301e-14,9.594733524427494e-16,0.0001228043843114476,0.005045230587817348,0.0024614710874473695,0.00017559740936551676
"(82.152, 83.605]",1.298897765827359e-09,5.225720123223282e-08,3.233038485356274e-08,1.5687112464305075e-09,2.561127732828767e-15,4.3270125139572454e-19,4.4350814075624504e-14,2.2101428905407243e-16,0.00011988047039927029,0.004823026130527696,0.0029839005396747197,0.00014478263577805725
"(83.605, 84.996]",1.7107433988945704e-09,5.0075204344065176e-08,3.963274585594746e-08,1.4269050650498778e-09,2.364332055828702e-15,3.6286369450887504e-19,7.464145416545474e-14,1.2853470246816496e-16,0.00015789135125757547,0.004621640909731151,0.0036578646460288153,0.00013169477607371342
"(84.996, 86.337]",1.636822387831225e-09,4.806446913484431e-08,3.733941637386602e-08,1.4364947326186744e-09,4.577451805526671e-15,3.113149736627386e-19,3.9905352786535307e-14,4.3856843826613257e-16,0.00015106888546249507,0.004436062114331321,0.0034462040948095903,0.00013257984485230792
"(86.337, 87.635]",1.9852641338351135e-09,4.6204580347251924e-08,3.934463470934042e-08,1.3575976639170107e-09,6.294888896260564e-15,2.69481925207672e-19,4.435614247967533e-14,5.393543173023788e-17,0.00018323193849644563,0.004264497947729964,0.0036313524051332833,0.00012530083398888442
"(87.635, 88.948]",2.0381078764608153e-09,4.443471191178375e-08,4.426685921503412e-08,1.3998391615209938e-09,4.020185913153384e-15,2.556022438552613e-19,1.1304612272084398e-13,8.910537470054223e-17,0.00018810512835007448,0.00410105730118617,0.004085565504392359,0.0001291967555734186
"(88.948, 90.32]",1.689623110019329e-09,4.268622261276281e-08,4.571327746813912e-08,1.3253631584007283e-09,2.240894722172439e-15,2.5662421162401984e-19,1.6585159594020367e-13,4.34481466491703e-17,0.00015594207531612395,0.003939682229822331,0.004219061230644432,0.00012232306734143682
"(90.32, 91.756]",2.0381078764608157e-09,4.092811980315801e-08,4.841753015213557e-08,1.497045262500791e-09,5.666974595251407e-15,2.5909074729943655e-19,3.2228190012255895e-13,1.8029289618412843e-15,0.0001881051283500745,0.0037774198891126656,0.0044686475278612,0.000138168295457248
"(91.756, 93.329]",1.4361796435164295e-09,3.913025564674466e-08,4.066168107188036e-08,1.1452423004167685e-09,3.415023881036427e-15,2.827163559643251e-19,8.007608581759898e-14,6.408027775390234e-17,0.00013255076401870534,0.0036114878146606515,0.0037528291928481256,0.00010569899287466523
"(93.329, 95.065]",1.246070041449699e-09,3.723703837275445e-08,3.146280254816078e-08,1.00434049223694e-09,1.9333820638332427e-15,3.138847369702477e-19,5.2647765015505023e-14,1.6818614288075193e-16,0.00011500728054564141,0.0034368296936517443,0.0029038908239850474,9.269661007150061e-05
"(95.065, 96.929]",6.336086662572482e-10,3.526382225512652e-08,2.271619314323408e-08,7.8500838179496e-10,8.435777352834387e-16,3.255246896009192e-19,1.8650015987703642e-14,3.4916177592847214e-16,5.847827824354647e-05,0.003254639211214647,0.002096568329961646,7.245156358938404e-05
"(96.929, 98.827]",8.448115550096644e-10,3.333201507970799e-08,1.8735753455247893e-08,6.379563741935782e-10,1.7078295433801698e-15,2.9875354650146225e-19,2.992175689865046e-14,1.121277133553843e-16,7.797103765806196e-05,0.0030763449997665694,0.0017291976293986491,5.8879545599822107e-05
"(98.827, 100.812]",8.025709772591811e-10,3.1454108531473125e-08,1.7359203421405176e-08,4.920759693282248e-10,1.0491836576848725e-15,2.9173221786383136e-19,1.0846755643872816e-14,2.85150169510743e-17,7.407248577515886e-05,0.002903025492803781,0.0016021503205751694,4.5415659513179174e-05
"(100.812, 102.885]",4.751962022477665e-10,2.9590983093083582e-08,1.7072769992887887e-08,4.963821027650004e-10,6.275987661412459e-16,2.8045183934754836e-19,1.2984104745020445e-14,2.977503004831219e-17,4.3858708682659864e-05,0.0027311293755592422,0.0015757483792635805,4.581408255679848e-05
"(102.885, 105.005]",6.441688106948691e-10,2.7789172900866927e-08,1.6888068368870074e-08,4.72315888800412e-10,9.77365822042985e-16,2.590953804473459e-19,1.1672762945168708e-14,4.6258788216702715e-17,5.945291621427224e-05,0.0025647739237126123,0.0015586673820364946,4.359192264094522e-05
"(105.005, 107.241]",4.6464635525531544e-10,2.603448955968634e-08,1.382691024114001e-08,4.4173743448179856e-10,4.938207060547072e-16,2.5552447063230985e-19,4.533141773718614e-15,2.9121443362236264e-17,4.288407071193408e-05,0.0024028271794216912,0.001276140853795776,4.0769714778063115e-05
"(107.241, 109.566]",4.963267885681778e-10,2.4311903343924237e-08,1.4162599059402914e-08,4.429579906428698e-10,5.864221250472594e-16,2.3712972894135115e-19,1.0686775028757875e-14,1.243307122861303e-17,4.58079846241114e-05,0.0022438428072241437,0.0013071229175885325,4.088236478839303e-05
"(109.566, 111.942]",6.441688106948691e-10,2.2644869822877804e-08,1.3339663644989287e-08,4.4472351642974166e-10,8.538566708856334e-16,2.1763522425836494e-19,5.448399497482622e-15,1.0292459986988151e-16,5.945291621427224e-05,0.002089985615432684,0.0012311709164506413,4.104531222536658e-05
"(111.942, 114.296]",6.758345987523791e-10,2.1104362012318745e-08,1.7856668005309827e-08,4.2976208791789177e-10,8.435041534908435e-16,1.8322925841672732e-19,2.1897472385703008e-14,1.0078400693586043e-17,6.237683012644958e-05,0.0019478481962889708,0.0016480990302180757,3.966532166646974e-05
"(114.296, 116.81]",4.118456330672114e-10,1.9623403926260196e-08,1.1545324318764244e-08,3.4372674336876973e-10,4.0123512259810834e-16,1.834502323688345e-19,9.58227743324964e-15,1.1277630635984683e-17,3.801088085830521e-05,0.0018111224419702586,0.0010655641626760271,3.1723916052477235e-05
"(116.81, 119.416]",3.9072534419196975e-10,1.8170464287624667e-08,1.2096599339785694e-08,3.3127631547257117e-10,5.041763659437778e-16,1.6798210043224079e-19,7.3465338097762e-15,6.41712206962572e-18,3.6061604916853654e-05,0.001677024830962031,0.0011164435394661809,3.0574816260225484e-05
"(119.416, 122.267]",5.068869330057986e-10,1.6754924167363327e-08,1.2354615005614419e-08,3.1997183237490013e-10,9.054768380071623e-16,1.7067158256916336e-19,1.0106836985258194e-14,7.62281220195704e-17,4.678262259483718e-05,0.001546378971102631,0.0011402568373281771,2.9531480297209033e-05
"(122.267, 125.3]",3.273644775662449e-10,1.5328178510404482e-08,8.290391914899985e-09,2.4181199236213076e-10,3.1895813849415357e-16,1.6153975304689822e-19,3.643368819153985e-15,2.430836807026525e-17,3.021377709249901e-05,0.0014146989074392713,0.0007651534313937793,2.2317796023070495e-05
"(125.3, 128.45]",1.900784808991066e-10,1.3967709671218656e-08,9.557094673207373e-09,2.338040739980646e-10,2.0580799437586947e-16,1.4491721442391284e-19,7.0087949595831114e-15,1.2827008030796954e-17,1.7543483473063943e-05,0.001289163731814797,0.0008820816099583477,2.1579180813725366e-05
"(128.45, 131.832]",3.4848476644148655e-10,1.268261390262434e-08,7.2523454501022175e-09,1.8647438836674017e-10,3.3952872273444848e-16,1.3631512894727119e-19,2.7590923202503825e-15,1.7041416854897334e-18,3.216305303395056e-05,0.0011705291675288107,0.000669347970971734,1.721046719991992e-05
"(131.832, 135.631]",3.0624418869100335e-10,1.137181625763717e-08,6.444292424399535e-09,2.1229811314166553e-10,2.9838666211098874e-16,1.4111639639810576e-19,2.021386693556559e-15,2.8308739984431657e-18,2.826450115104746e-05,0.0010495504096823649,0.0005947695250175307,1.959384205429688e-05
"(135.631, 139.384]",4.963267885681778e-10,1.0157199324910867e-08,5.648552765826571e-09,2.1331765599459803e-10,5.452524079948089e-16,1.0851193601286993e-19,1.937654038993934e-15,6.833539780807036e-18,4.58079846241114e-05,0.0009374485544933236,0.0005213275289691976,1.968793974236543e-05
"(139.384, 143.272]",5.174358646697901e-10,9.056889727403743e-09,4.444862657664708e-09,1.267630259519855e-10,6.27556837243543e-16,9.291086752933665e-20,1.4865094416715328e-15,9.620075854313133e-19,4.775726056556295e-05,0.0008359146942804559,0.0004102430438518219,1.1699720243264455e-05
"(143.272, 147.061]",3.6960505531672815e-10,8.061455935055167e-09,4.035689004841548e-09,1.186948914345035e-10,3.8068327335809776e-16,7.082063948068973e-20,1.3689939459964195e-15,2.2519667579002733e-18,3.411232897540211e-05,0.0007440240140699815,0.00037246988101284585,1.0954826310056066e-05
"(147.061, 150.293]",3.6960505531672815e-10,7.254431052130405e-09,3.654176680275317e-09,1.133083300424482e-10,5.659470000941257e-16,4.109636203371276e-20,4.2857947419319813e-16,3.638161759365641e-18,3.411232897540211e-05,0.0006695404595253237,0.0003372585825293301,1.0457679012937714e-05
"(150.293, 153.272]",2.0064274431479526e-10,6.61340524382315e-09,4.817549205439968e-09,9.641297233864476e-11,3.1902504920945333e-16,2.9009336730135425e-20,1.3437678269971127e-15,2.0253446164495978e-18,1.8518121443789715e-05,0.0006103776235734138,0.0004446308863668764,8.89833886902288e-06
"(153.272, 156.045]",9.504129993858725e-11,6.066684284305464e-09,3.96942180871297e-09,1.2498739323725904e-10,9.262283042144837e-17,2.1229710905203087e-20,4.460563489254426e-16,7.782832207444242e-18,8.771741736531971e-06,0.0005599185593356885,0.0003663538164133548,1.1535586471439585e-05
"(156.045, 158.711]",1.7951856529360066e-10,5.59195803683605e-09,3.868899884410375e-09,2.1694652112131804e-10,1.7493527864233814e-16,1.669812169452676e-20,3.249750847229717e-16,2.4012702722847562e-17,1.6568845502338167e-05,0.00051611535896782,0.00035708398373154,2.002329611341317e-05
"(158.711, 161.29]",3.4848476644148655e-10,5.167678763009646e-09,5.157342473072892e-09,1.49606148932349e-10,7.512258932589545e-16,1.3260423038101486e-20,1.222587808710629e-15,3.544859557124985e-18,3.216305303395056e-05,0.0004769457437532122,0.0004759917662097895,1.3807749909562218e-05
"(161.29, 163.775]",3.168043331286241e-10,4.791515443225889e-09,7.64874058250707e-09,1.5922134526934574e-10,3.498422288728805e-16,1.0559474769728234e-20,5.314406525275818e-15,1.5372142570649134e-18,2.9239139121773234e-05,0.0004422281263170902,0.0007059328633219076,1.4695174840288996e-05
"(163.775, 166.469]",4.2240577750483216e-11,4.438834591481441e-09,4.629963090959518e-09,9.275718323314793e-11,4.1167932766709245e-17,1.0646472405828563e-20,8.511399383827305e-16,3.770730325404638e-19,3.898551882903098e-06,0.0004096777997861881,0.0004273178135170178,8.560931469320156e-06
"(166.469, 169.635]",1.3728187768907046e-10,4.065634368363842e-09,3.067819862129831e-09,7.578279066191798e-11,1.3378273390232162e-16,1.2365403492276126e-20,3.3787835749519113e-16,1.55564964635035e-18,1.267029361943507e-05,0.00037523365839377243,0.0002831413663554106,6.994296881351058e-06
"(169.635, 173.203]",3.590371305872013e-10,3.6751589027605677e-09,2.523267022533073e-09,7.775952611828039e-11,3.4980610275576e-16,1.2874434452951807e-20,5.737756491468182e-16,1.9449421493642187e-18,3.3137691004676335e-05,0.00033920246608918936,0.00023288745311171252,7.176893222612806e-06
"(173.203, 177.066]",3.27364477566245e-10,3.2857134509639037e-09,2.277786155512164e-09,7.920409073473164e-11,5.865612993350825e-16,1.203561555399712e-20,1.9249250539382036e-16,9.461783410125082e-19,3.0213777092499016e-05,0.00030325163724326254,0.00021022599543683967,7.310062350271322e-06
"(177.066, 181.251]",3.4848476644148655e-10,2.9134072997680926e-09,2.6842286168346536e-09,3.658499073061499e-11,3.806984397868991e-16,1.1131353942257334e-20,2.5944107445055703e-16,1.47855336832172e-19,3.216305303395056e-05,0.0002688900133247963,0.00024773819596213753,3.3765751344913797e-06
"(181.251, 185.671]",1.5840216656431206e-10,2.560202821883403e-09,2.8664635838089106e-09,1.9796433857318006e-11,2.778704985858041e-16,9.564448394463105e-21,7.500569745039868e-16,2.4098309800694153e-20,1.4619569560886617e-05,0.0002362913592429068,0.0002645573900040596,1.8270920664273079e-06
"(185.671, 190.323]",3.062375525596717e-10,2.234823587374448e-09,4.1611149555650745e-09,1.8815527195824618e-11,7.92406097240785e-16,8.122748194646406e-21,1.3077138415748072e-15,6.34139102890221e-20,2.8264501151047458e-05,0.00020626527782031208,0.0003840542659388341,1.7365978980658289e-06
"(190.323, 194.902]",2.640036109405201e-10,1.943605298369417e-09,2.83594436414176e-09,2.033670206852965e-11,3.807501840733974e-16,5.950908097996431e-21,2.8739146007523857e-15,4.2881031643832224e-20,2.4365949268144364e-05,0.00017938310740770697,0.0002617406491440996,1.8769555807128754e-06
"(194.902, 199.511]",2.217630331900369e-10,1.6958751982677585e-09,1.7983492112250064e-09,3.0925574196841386e-11,3.601858448331975e-16,4.577049995899861e-21,2.952496232200612e-16,1.1469568609632223e-19,2.0467397385241266e-05,0.0001565191055489245,0.00016597684210080074,2.854244944923279e-06
"(199.511, 204.389]",1.2672173325144966e-10,1.4706821655322582e-09,1.5610526232116944e-09,2.178698669946347e-11,2.0583252669058098e-16,3.852613070487214e-21,1.1491027859589326e-16,2.6430120676054963e-20,1.1695655648709294e-05,0.00013573513978563424,0.00014407579080670012,2.0108081504402814e-06
"(204.389, 209.894]",1.2672173325144966e-10,1.2615389451440958e-09,1.2677676107241951e-09,1.1196407970703348e-11,1.234930925856799e-16,3.575513141073465e-21,1.3452362881836567e-16,7.811764361353346e-21,1.1695655648709294e-05,0.00011643247540312919,0.00011700734386417886,1.0333612772480948e-06
"(209.894, 216.791]",1.900784808991066e-10,1.048804227712309e-09,6.490467847113827e-10,9.894660637452129e-12,1.852235819162464e-16,3.9030403282530095e-21,2.809725406685214e-17,8.474258281866721e-21,1.7543483473063943e-05,9.680043500093526e-05,5.9904422041721775e-05,9.132375981942816e-07
"(216.791, 224.97]",1.6896231100193286e-10,8.366037711229956e-10,6.682009281445711e-10,8.9854553351269e-12,1.6465031963794118e-16,3.4718697576010505e-21,4.325732549199833e-17,1.1526364395067e-20,1.5594207531612392e-05,7.721350845202576e-05,6.167093646217504e-05,8.29303614700202e-07
"(224.97, 234.117]",2.956840442533825e-10,6.44692588551123e-10,5.003021475435384e-10,1.332475422945416e-11,3.0868544789205443e-16,2.629800150805754e-21,4.990898916553661e-17,2.4658930834095e-20,2.7289863180321686e-05,5.950125776773734e-05,4.617488640538333e-05,1.2297948668532422e-06
"(234.117, 243.933]",1.5840216656431206e-10,4.855295897804492e-10,4.929024443733251e-10,7.797046020498578e-12,1.5436134742845232e-16,1.704725153228854e-21,2.713547738031623e-17,1.5386439533795082e-20,1.4619569560886617e-05,4.481146795919678e-05,4.549193820099167e-05,7.196205654158957e-07
"(243.933, 254.078]",1.795224554395537e-10,3.590060817665585e-10,4.661360516645186e-10,3.921748259266692e-12,1.7493906881171235e-16,9.902627917191197e-22,2.3880621044439613e-17,1.74053070810217e-21,1.6568845502338167e-05,3.313410731056275e-05,4.3021560752325074e-05,3.6195383384076005e-07
"(254.078, 264.795]",2.3231814332113028e-10,2.634990910692383e-10,2.760883017937361e-10,6.494827849557482e-12,2.263745647513635e-16,5.866691164490219e-22,8.442941357610186e-18,3.862657306405705e-21,2.144203535596704e-05,2.431991210932642e-05,2.5481845902354665e-05,5.994466312027573e-07
"(264.795, 277.455]",2.217630331900369e-10,1.8582852511345058e-10,1.3258968588078248e-10,3.011920157076155e-12,2.5726155220207103e-16,4.1055201119511284e-22,1.8775801604031378e-18,8.249245145149763e-22,2.0467397385241266e-05,1.7150857896820806e-05,1.2237232468680937e-05,2.7798215897718665e-07
"(277.455, 291.861]",3.168043331286241e-10,1.2421682016021854e-10,8.260696021887787e-11,2.954752521363234e-12,4.3218166297778164e-16,2.3702535667570425e-22,7.268275932716525e-19,8.58705348322744e-22,2.9239139121773237e-05,1.1464467199867209e-05,7.624126786441114e-06,2.7270592920669834e-07
"(291.861, 312.377]",3.168043331286241e-10,7.546845115356188e-11,3.773778418134675e-11,1.9336746413454856e-12,3.0867251182042974e-16,1.756223369302659e-22,7.673544645649117e-20,4.315410622005794e-22,2.9239139121773237e-05,6.965285230766841e-06,3.482971053233217e-06,1.7846656734834026e-07
"(312.377, 348.792]",4.857561178532724e-10,3.462531847767529e-11,2.1910682645807044e-11,7.672735878355567e-13,4.732055250087249e-16,1.0325000292835154e-22,1.3054958913237734e-20,9.650734408954369e-23,4.4833346653385626e-05,3.195778394215519e-06,2.022268365477407e-06,7.081628306287054e-08
"(348.792, 444.055]",1.4784202212669126e-09,6.63008510548944e-12,7.042373364672128e-12,1.1134437150649988e-14,2.6944307169023923e-15,2.3612358580387885e-23,2.5206808505021974e-21,4.838871342000587e-26,0.00013644931590160844,6.119170747260424e-07,6.499688073190494e-07,1.02764174238209e-09
"(444.055, 1442.945]",2.7245172649061677e-09,2.1043387323432796e-13,5.137257219946833e-13,3.479307743890003e-18,6.1062799075335675e-15,7.854767855927276e-26,2.3660066186116712e-23,1.2219091114765045e-31,0.0002514565964472498,1.9421783896289065e-08,4.74138017857773e-08,3.211192289145839e-13
